age_demo_variables <- c(
  "S0101_C01_001",
  "S0101_C01_002",
  "S0101_C01_003",
  "S0101_C01_004",
  "S0101_C01_005",
  "S0101_C01_006",
  "S0101_C01_007",
  "S0101_C01_008",
  "S0101_C01_009",
  "S0101_C01_010",
  "S0101_C01_011",
  "S0101_C01_012",
  "S0101_C01_013",
  "S0101_C01_014",
  "S0101_C01_015",
  "S0101_C01_016",
  "S0101_C01_017",
  "S0101_C01_018"
)
age_demo_variable_names <- c(
  "Total population",
  "Under 5 years",
  "5 to 9 years",
  "10 to 14 years",
  "15 to 19 years",
  "20 to 24 years",
  "25 to 29 years",
  "30 to 34 years",
  "35 to 39 years",
  "40 to 44 years",
  "45 to 49 years",
  "50 to 54 years",
  "55 to 59 years",
  "60 to 64 years",
  "65 to 69 years",
  "70 to 74 years",
  "75 to 79 years",
  "80 to 84 years"
)

age_variables <- data.frame(variable = age_demo_variables, age_demo_variable_names = age_demo_variable_names)
